0.00212163
0.00741632
0.01577
0.0163549
0.0260438
0.0345393
0.0348443
0.0397568
0.0411622
0.0429503
0.0492827
0.0502116
0.0558359
0.061132
0.0689914
0.0847432
0.0870684
0.0872298
0.0950212
0.0955311
0.109116
0.111299
0.111612
0.117758
0.132797
0.135855
0.137364
0.138421
0.138577
0.141354
0.143192
0.150085
0.157422
0.162196
0.172003
0.18226
0.185246
0.190519
0.20306
0.209734
0.238532
0.240382
0.244956
0.265037
0.265595
0.267348
0.272418
0.285102
0.290425
0.295969
0.318727
0.346582
0.350347
0.359346
0.367109
0.367434
0.370792
0.384411
0.391962
0.39572
0.396654
0.397345
0.402718
0.417363
0.420033
0.424122
0.436161
0.442877
0.442918
0.448563
0.458827
0.46201
0.479598
0.48046
0.481231
0.484518
0.486364
0.503266
0.5073
0.527798
0.53016
0.531067
0.545537
0.549382
0.550759
0.556707
0.564065
0.565577
0.567721
0.569639
0.585025
0.5917
0.592984
0.592994
0.596439
0.600494
0.603654
0.618404
0.621633
0.623107
0.62647
0.632234
0.64357
0.652084
0.653243
0.658051
0.665278
0.667145
0.676968
0.681779
0.683367
0.705962
0.712365
0.729406
0.731223
0.737959
0.763322
0.773168
0.773881
0.794722
0.799934
0.802802
0.810608
0.811617
0.825972
0.834573
0.84261
0.851578
0.857464
0.86105
0.873166
0.878147
0.881217
0.888096
0.902808
0.912291
0.913338
0.921833
0.931682
0.934819
0.940458
0.951683
0.965069
0.972804
0.975162
0.978104
0.980072
0.980262
0.982408
0.983587
0.986197
0.993298
0.994126
0.997071
0.999645
1.0057
1.02333
1.02538
1.02595
1.02847
1.02958
1.03495
1.04151
1.04226
1.04466
1.04581
1.04761
1.04887
1.05109
1.05336
1.05609
1.0617
1.06505
1.06604
1.08028
1.09638
1.09789
1.10232
1.10331
1.11487
1.13181
1.13292
1.14681
1.15216
1.16941
1.18207
1.19435
1.20037
1.20344
1.2141
1.21615
1.21917
1.22128
1.22442
1.2295
1.24634
1.24854
1.25622
1.26008
1.26346
1.26508
1.27309
1.28306
1.28629
1.2874
1.2919
1.29205
1.31499
1.32665
1.33559
1.34207
1.3608
1.37153
1.37279
1.37283
1.38081
1.39781
1.40046
1.4122
1.43462
1.43484
1.43891
1.44242
1.44531
1.45728
1.46536
1.47824
1.48246
1.48535
1.48555
1.48787
1.49387
1.49561
1.49576
1.5055
1.50975
1.5218
1.52251
1.52429
1.52747
1.53168
1.53879
1.53891
1.54624
1.55001
1.56023
1.56235
1.56298
1.56423
1.56654
1.5733
1.59556
1.6048
1.61454
1.61496
1.61528
1.61966
1.62497
1.6356
1.64095
1.64342
1.64659
1.65065
1.67115
1.67412
1.67429
1.67513
1.68106
1.68166
1.70343
1.70996
1.71806
1.72703
1.73499
1.74121
1.75675
1.7652
1.77126
1.78315
1.80116
1.81523
1.81775
1.84498
1.86471
1.86807
1.86986
1.89258
1.89517
1.89795
1.90078
1.93548
1.94175
1.9448
1.94653
1.95547
1.95789
1.95918
1.9598
1.96294
1.96353
1.96936
1.97599
1.98597
2.00409
2.00421
2.00811
2.01181
2.01816
2.02413
2.02549
2.02584
2.0302
2.04156
2.04464
2.04555
2.0608
2.06567
2.07246
2.07809
2.08284
2.10163
2.10786
2.10883
2.11073
2.11209
2.1133
2.11336
2.11757
2.11985
2.12061
2.12372
2.12523
2.13117
2.1336
2.13814
2.15051
2.16514
2.17966
2.19008
2.20119
2.20769
2.20975
2.21759
2.22216
2.22962
2.23393
2.24112
2.24173
2.24795
2.2532
2.25554
2.2624
2.29552
2.29775
2.30709
2.31872
2.31997
2.32085
2.33933
2.36248
2.36493
2.37457
2.37622
2.37909
2.38153
2.38206
2.3855
2.39971
2.40253
2.40433
2.40717
2.41306
2.41494
2.41898
2.42244
2.43608
2.45717
2.46732
2.47278
2.47346
2.47457
2.47999
2.50001
2.50029
2.50805
2.51233
2.51565
2.52241
2.53675
2.55251
2.55878
2.55963
2.56415
2.57487
2.57585
2.57627
2.57713
2.593
2.59416
2.59764
2.59963
2.59973
2.60036
2.60351
2.61561
2.61829
2.61942
2.62034
2.62384
2.63456
2.64951
2.66462
2.66971
2.67072
2.68125
2.68766
2.69248
2.70303
2.70583
2.71238
2.71768
2.72641
2.73094
2.73475
2.74814
2.75339
2.7549
2.76719
2.7699
2.77473
2.78066
2.78294
2.79664
2.80792
2.81097
2.81543
2.82029
2.82883
2.8303
2.83083
2.83563
2.85187
2.8531
2.85832
2.86935
2.87772
2.88045
2.88705
2.88863
2.89337
2.89368
2.89959
2.90246
2.90973
2.91575
2.92332
2.92707
2.95203
2.95585
2.9573
2.96483
2.97444
2.97479
2.97748
2.97752
2.99325
2.99328
2.99979
3.02017
3.02017
3.02135
3.03121
3.03411
3.03634
3.03908
3.04031
3.04452
3.04574
3.04948
3.06117
3.06494
3.06946
3.07211
3.08415
3.0894
3.1066
3.11196
3.11524
3.12007
3.13133
3.13326
3.13346
3.13369
3.13635
3.14513
3.1744
3.17459
3.18244
3.19042
3.19817
3.20208
3.20278
3.20621
3.20667
3.20864
3.22526
3.24691
3.24956
3.25086
3.25524
3.27468
3.27626
3.27658
3.27951
3.28468
3.28552
3.29517
3.2962
3.30521
3.30695
3.30804
3.31399
3.31512
3.31612
3.32378
3.32632
3.32764
3.33447
3.33927
3.33957
3.34096
3.34242
3.34566
3.3475
3.3531
3.35507
3.36258
3.37863
3.39429
3.3962
3.40501
3.40763
3.40911
3.41071
3.41161
3.42777
3.43153
3.43429
3.43888
3.43967
3.44084
3.46057
3.46304
3.473
3.47303
3.49034
3.49816
3.50678
3.50948
3.51768
3.51983
3.5319
3.54338
3.55039
3.56443
3.56957
3.57122
3.57128
3.57488
3.58706
3.60336
3.60508
3.60598
3.61206
3.61233
3.61254
3.61316
3.61408
3.61513
3.61785
3.62428
3.62537
3.62954
3.63368
3.63378
3.63714
3.63856
3.64435
3.65179
3.66383
3.67056
3.67136
3.68125
3.6894
3.69015
3.69054
3.69113
3.69828
3.7014
3.70652
3.71202
3.71489
3.72249
3.72377
3.72595
3.72751
3.75456
3.76392
3.76988
3.77919
3.7861
3.79088
3.79152
3.79457
3.79864
3.81766
3.81792
3.83725
3.84014
3.84177
3.84338
3.85078
3.86188
3.86217
3.86273
3.86453
3.87183
3.87693
3.87762
3.88009
3.88013
3.88801
3.8944
3.9045
3.91663
3.9253
3.93001
3.93257
3.93275
3.94677
3.94853
3.96254
3.96263
3.97208
3.97611
3.9841
3.98776
3.99248
3.99386
3.9952
3.99877
4.00017
4.00401
4.00728
4.03193
4.03783
4.04219
4.0437
4.04403
4.05049
4.05173
4.05214
4.06693
4.07634
4.07644
4.07794
4.07795
4.08195
4.08208
4.08215
4.08406
4.08576
4.08707
4.08963
4.09386
4.1036
4.10715
4.1099
4.11405
4.11829
4.1196
4.11972
4.121
4.12778
4.13127
4.13277
4.13534
4.14
4.16343
4.17368
4.19339
4.19492
4.19948
4.2094
4.21896
4.22437
4.22504
4.22653
4.22751
4.23195
4.23785
4.24046
4.24227
4.24729
4.25859
4.26697
4.26749
4.26926
4.27487
4.28189
4.28525
4.28878
4.30642
4.31829
4.3239
4.33144
4.3327
4.33463
4.33484
4.34227
4.34432
4.35185
4.35589
4.35604
4.35662
4.36153
4.36188
4.36251
4.37001
4.3708
4.37366
4.37934
4.39802
4.40752
4.4206
4.42262
4.42647
4.43224
4.44871
4.4504
4.45228
4.45705
4.45937
4.46197
4.4682
4.47044
4.473
4.47445
4.47639
4.47785
4.47863
4.48843
4.49074
4.49158
4.49282
4.50199
4.50902
4.52026
4.52663
4.53068
4.56529
4.57122
4.57201
4.58099
4.59398
4.59936
4.60394
4.60988
4.62288
4.62392
4.62507
4.62994
4.63234
4.64882
4.65517
4.65776
4.65975
4.65991
4.672
4.68248
4.69307
4.70237
4.71463
4.7165
4.71801
4.72981
4.73286
4.73499
4.7472
4.75574
4.76285
4.76425
4.76512
4.76828
4.76864
4.77777
4.78484
4.78683
4.78708
4.78967
4.78971
4.79632
4.80277
4.80383
4.80543
4.80605
4.80649
4.82351
4.82816
4.82969
4.83536
4.83954
4.84514
4.85979
4.86252
4.87856
4.88277
4.89214
4.89764
4.90564
4.91979
4.92937
4.93045
4.93176
4.93257
4.935
4.93861
4.9392
4.94565
4.9538
4.95591
4.95925
4.96148
4.9616
4.96302
4.97211
4.97773
4.97847
4.98107
4.98529
4.99343
4.99512
5.00263
5.00482
5.00749
5.01103
5.01952
5.02356
5.02449
5.0247
5.02675
5.0307
5.03399
5.04132
5.05824
5.0603
5.06103
5.07687
5.09102
5.09277
5.09511
5.11621
5.12195
5.12332
5.12342
5.12437
5.12488
5.12652
5.12842
5.13073
5.13222
5.1487
5.14999
5.1513
5.15218
5.15519
5.15643
5.16152
5.17317
5.17856
5.17889
5.18023
5.18337
5.18959
5.19286
5.20934
5.2152
5.21534
5.22383
5.24355
5.25043
5.25337
5.26178
5.26926
5.2786
5.28299
5.28369
5.28372
5.28506
5.28674
5.29318
5.29539
5.29597
5.29704
5.30193
5.31093
5.31514
5.31627
5.31753
5.33547
5.34697
5.34844
5.36277
5.3673
5.36783
5.37055
5.3751
5.38321
5.38568
5.39721
5.40274
5.40521
5.41193
5.41911
5.42374
5.42446
5.42693
5.42896
5.43764
5.44104
5.44149
5.4434
5.44549
5.44797
5.45073
5.46016
5.46562
5.47511
5.48224
5.49946
5.50351
5.51038
5.51346
5.51428
5.52513
5.52558
5.52865
5.5333
5.53627
5.53907
5.53993
5.5492
5.5518
5.55225
5.55319
5.5557
5.5563
5.56046
5.56083
5.56799
5.56956
5.58008
5.58106
5.58381
5.586
5.58854
5.61119
5.61265
5.62151
5.62474
5.62703
5.6323
5.64335
5.6608
5.66971
5.68022
5.68389
5.69072
5.69132
5.69262
5.70409
5.71665
5.7244
5.7257
5.72884
5.73261
5.73588
5.73712
5.73858
5.74001
5.74995
5.75028
5.7583
5.77415
5.78475
5.78664
5.7938
5.79853
5.80049
5.83202
5.83503
5.83874
5.84363
5.84451
5.85439
5.86423
5.86749
5.885
5.89078
5.89107
5.89129
5.8925
5.89652
5.89788
5.90209
5.90617
5.91283
5.92129
5.92741
5.92777
5.92966
5.93043
5.9385
5.95198
5.97222
5.98388
5.98583
5.99405
6.00373
6.00879
6.00992
6.01168
6.01215
6.01293
6.03004
6.03141
6.03182
6.0485
6.05162
6.05303
6.06246
6.06536
6.06625
6.07845
6.07922
6.08119
6.08584
6.08691
6.09197
6.09459
6.09838
6.10669
6.12089
6.12364
6.12839
6.13572
6.14228
6.14583
6.14765
6.15631
6.16566
6.17261
6.17819
6.20649
6.20756
6.21545
6.2316
6.23295
6.23441
6.23562
6.23679
6.23775
6.23791
6.24464
6.26248
6.26936
6.27384
6.27457
6.27637
6.27902
6.28268
6.28322
6.2888
6.29056
6.30288
6.30856
6.31114
6.32665
6.32955
6.33623
6.33678
6.33744
6.34609
6.35506
6.35743
6.36122
6.36303
6.36443
6.37609
6.3837
6.39922
6.40914
6.41003
6.41665
6.41937
6.43194
6.43996
6.44056
6.44201
6.44695
6.44722
6.44986
6.45561
6.45694
6.45733
6.45902
6.46108
6.46307
6.47314
6.4965
6.49894
6.50536
6.51691
6.52256
6.52875
6.53477
6.53651
6.53663
6.54192
6.54481
6.54586
6.55219
6.55961
6.57381
6.59009
6.59841
6.6069
6.60971
6.61105
6.61849
6.61986
6.62473
6.62757
6.63018
6.63993
6.64616
6.64922
6.6527
6.65471
6.66153
6.66334
6.66758
6.68049
6.68697
6.70122
6.72119
6.7298
6.73511
6.73591
6.73688
6.74434
6.75974
6.76065
6.76251
6.77066
6.77719
6.78043
6.78082
6.78146
6.78466
6.78553
6.78645
6.80196
6.80241
6.80953
6.80958
6.80984
6.81467
6.8169
6.82257
6.83218
6.8328
6.83679
6.84154
6.85515
6.86082
6.86359
6.88252
6.88676
6.8895
6.89131
6.89759
6.89985
6.90385
6.90433
6.91169
6.91496
6.91579
6.94378
6.94832
6.95507
6.97227
6.98932
6.99221
7.00987
7.01689
7.01789
7.02235
7.02769
7.02849
7.02956
7.03449
7.04107
7.04561
7.04863
7.05354
7.05528
7.05636
7.05964
7.06611
7.06843
7.0738
7.08153
7.10157
7.10271
7.10281
7.12016
7.13759
7.13964
7.14171
7.14675
7.15608
7.15898
7.15926
7.16364
7.16501
7.16559
7.16807
7.18651
7.18761
7.19072
7.19453
7.20325
7.23421
7.24946
7.25832
7.25939
7.26187
7.26652
7.26936
7.27006
7.28646
7.28959
7.28984
7.29528
7.29945
7.30247
7.30533
7.30858
7.31033
7.31692
7.32838
7.33396
7.33698
7.34227
7.3439
7.34673
7.36126
7.36499
7.36611
7.36722
7.36785
7.37445
7.38272
7.39487
7.39849
7.39885
7.40185
7.40625
7.41696
7.42225
7.43299
7.43485
7.44384
7.45128
7.46152
7.46765
7.47141
7.47464
7.47804
7.47979
7.49128
7.49285
7.49285
7.49332
7.50686
7.52256
7.52893
7.5331
7.55131
7.5545
7.55535
7.56274
7.56579
7.57693
7.58044
7.58881
7.59726
7.60589
7.60783
7.61026
7.6135
7.61673
7.62035
7.62149
7.62257
7.64123
7.65656
7.65679
7.65824
7.67148
7.68104
7.70601
7.71475
7.71508
7.71845
7.72034
7.72337
7.73295
7.73348
7.74171
7.74379
7.74471
7.74524
7.74531
7.7518
7.75381
7.75544
7.76735
7.76758
7.76805
7.77029
7.77269
7.77302
7.77823
7.77905
7.78194
7.78236
7.78855
7.79594
7.79951
7.80451
7.81674
7.81696
7.82779
7.83435
7.83896
7.84085
7.84841
7.84865
7.85237
7.85895
7.8643
7.8674
7.88124
7.89793
7.90249
7.90333
7.90589
7.90707
7.90872
7.90957
7.92143
7.92826
7.93637
7.95248
7.96673
7.96743
7.97018
7.97934
7.98588
7.99226
7.9941
8.00025
8.02218
8.03298
8.04023
8.04041
8.04341
8.04469
8.04836
8.0513
8.05959
8.07357
8.07384
8.07714
8.0806
8.09794
8.11183
8.1144
8.11788
8.11859
8.11978
8.12784
8.13988
8.14799
8.14852
8.15613
8.16247
8.19065
8.19317
8.19651
8.20093
8.20526
8.23412
8.23644
8.23696
8.24243
8.24762
8.25915
8.26131
8.27097
8.27948
8.28113
8.28229
8.28319
8.28956
8.29189
8.31099
8.31691
8.32469
8.32767
8.3307
8.33124
8.33388
8.3374
8.3422
8.3426
8.35191
8.36015
8.36478
8.36891
8.37266
8.37572
8.38253
8.38542
8.38546
8.38707
8.39628
8.39923
8.40113
8.41148
8.41218
8.41323
8.41462
8.42737
8.43735
8.45896
8.46053
8.46827
8.47152
8.47405
8.4887
8.49954
8.51495
8.5273
8.52791
8.52821
8.53377
8.53456
8.53544
8.54064
8.54378
8.54554
8.56326
8.56835
8.56915
8.57902
8.58347
8.59189
8.60578
8.61229
8.61487
8.61633
8.63244
8.64185
8.64451
8.64476
8.6635
8.66688
8.66898
8.67102
8.68963
8.69342
8.70216
8.72065
8.73339
8.74032
8.74288
8.74429
8.74606
8.74874
8.75178
8.75486
8.76209
8.764
8.77583
8.77922
8.78599
8.78825
8.78924
8.79014
8.80397
8.8059
8.81391
8.81851
8.82265
8.82846
8.83069
8.83259
8.84516
8.84539
8.84618
8.85121
8.85409
8.85594
8.85707
8.86218
8.86386
8.86627
8.86887
8.8689
8.87813
8.88695
8.8934
8.89431
8.89984
8.90199
8.90819
8.91289
8.92193
8.92718
8.92884
8.92917
8.9295
8.93348
8.93541
8.93738
8.93826
8.93957
8.94043
8.94311
8.94746
8.95144
8.95638
8.95802
8.97091
8.97334
8.97357
8.97952
8.98872
8.99282
8.99895
9.00007
9.01246
9.01798
9.03448
9.04117
9.04487
9.04743
9.05346
9.05843
9.06144
9.06443
9.07162
9.07304
9.07511
9.07539
9.08197
9.09371
9.11309
9.11523
9.12802
9.12834
9.13024
9.13086
9.13733
9.1535
9.15561
9.15658
9.16134
9.16308
9.1648
9.16736
9.16896
9.17069
9.18152
9.20192
9.20691
9.20764
9.21101
9.22026
9.23389
9.2353
9.23589
9.23749
9.24548
9.24989
9.25963
9.27899
9.27985
9.28174
9.29113
9.29886
9.30076
9.30245
9.30295
9.31402
9.3234
9.32474
9.32819
9.333
9.35188
9.35333
9.3534
9.36423
9.36735
9.36825
9.37102
9.37649
9.38433
9.38721
9.40264
9.41257
9.41486
9.42078
9.42461
9.45065
9.4529
9.45444
9.45742
9.46125
9.46264
9.46293
9.46711
9.46887
9.4733
9.47387
9.48781
9.48917
9.50638
9.50652
9.50693
9.51952
9.52099
9.52839
9.52971
9.53316
9.54374
9.54384
9.5449
9.55048
9.56692
9.56806
9.57386
9.57445
9.57607
9.57622
9.57705
9.584
9.58422
9.6112
9.61709
9.62337
9.64018
9.65092
9.67066
9.68077
9.68198
9.69047
9.69342
9.6965
9.7236
9.74236
9.74492
9.74885
9.74945
9.75537
9.77047
9.77196
9.79692
9.82262
9.82723
9.83911
9.84922
9.85401
9.85815
9.86979
9.87284
9.87858
9.88251
9.88344
9.88868
9.89096
9.89148
9.89432
9.89993
9.90006
9.90123
9.91369
9.918
9.9194
9.92235
9.92655
9.93935
9.94405
9.94563
9.96328
9.9671
9.96948
9.97935
9.98519
9.9857
9.9908
9.99532
9.9971
10.0102
10.0106
10.0152
10.0157
10.0231
10.0326
10.0349
10.0437
10.0438
10.0465
10.0567
10.0585
10.0646
10.0657
10.0678
10.0694
10.0833
10.0872
10.1013
10.1138
10.1152
10.1203
10.1236
10.1262
10.1299
10.1319
10.1392
10.1406
10.1436
10.1483
10.1581
10.1723
10.1731
10.1742
10.1958
10.2021
10.2102
10.2177
10.2232
10.2293
10.2386
10.2414
10.2455
10.258
10.2771
10.2829
10.2845
10.2886
10.3056
10.3086
10.3166
10.3173
10.3194
10.3261
10.3404
10.3694
10.3712
10.3727
10.3905
10.3974
10.4021
10.4091
10.4208
10.4217
10.4342
10.442
10.4474
10.4481
10.4547
10.4648
10.4656
10.4676
10.4688
10.4699
10.4756
10.4759
10.477
10.4958
10.5113
10.5222
10.5283
10.5317
10.5347
10.5357
10.5382
10.5444
10.5533
10.5647
10.5683
10.5689
10.5811
10.5829
10.5946
10.5952
10.5975
10.6029
10.6069
10.6084
10.6134
10.6353
10.6378
10.6406
10.6457
10.6462
10.6479
10.6487
10.6508
10.6519
10.6576
10.6755
10.6767
10.6918
10.6968
10.7021
10.7064
10.7068
10.7081
10.7329
10.7396
10.7498
10.7514
10.7517
10.7543
10.7614
10.7654
10.7801
10.7815
10.7844
10.8114
10.8276
10.8324
10.8352
10.8387
10.8433
10.8466
10.8469
10.8492
10.8505
10.8532
10.8592
10.864
10.8688
10.8719
10.8766
10.8926
10.9066
10.9106
10.9122
10.9183
10.9187
10.9197
10.9274
10.9292
10.9301
10.9409
10.9449
10.9474
10.9485
10.9486
10.9496
10.951
10.9543
10.9568
10.963
10.9667
10.9671
10.9792
10.9798
10.9875
10.9959
10.9961
11.0216
11.0238
11.0247
11.0377
11.0395
11.0422
11.0525
11.0553
11.0627
11.0643
11.068
11.073
11.0748
11.0847
11.098
11.1
11.1016
11.1019
11.1178
11.1249
11.1253
11.1389
11.1485
11.1514
11.1523
11.1545
11.1625
11.1638
11.1652
11.1655
11.1779
11.1779
11.1957
11.2
11.2
11.2006
11.2028
11.2215
11.2235
11.2297
11.2552
11.2556
11.2673
11.2754
11.2775
11.2788
11.2797
11.2819
11.2836
11.3101
11.3106
11.3128
11.3134
11.3175
11.3234
11.3335
11.3344
11.3371
11.3381
11.3387
11.3532
11.3593
11.3632
11.3642
11.3738
11.3739
11.3754
11.3772
11.3826
11.3898
11.4067
11.419
11.4224
11.423
11.4256
11.4261
11.4299
11.4323
11.4394
11.4467
11.4528
11.4558
11.4561
11.4575
11.4609
11.475
11.4787
11.4825
11.4828
11.487
11.4956
11.5026
11.5049
11.5065
11.5112
11.5159
11.5223
11.5231
11.5288
11.5316
11.5335
11.5372
11.5378
11.5441
11.5487
11.5535
11.5622
11.5674
11.5697
11.5707
11.5797
11.5805
11.5867
11.588
11.5931
11.5958
11.6095
11.6151
11.6254
11.6265
11.6303
11.6379
11.638
11.6408
11.6419
11.6436
11.6452
11.6487
11.6545
11.6558
11.6576
11.6582
11.6616
11.6629
11.6631
11.6698
11.6705
11.6791
11.6877
11.6916
11.6984
11.716
11.717
11.7277
11.7282
11.7285
11.7344
11.7388
11.7511
11.754
11.7548
11.7581
11.7626
11.7654
11.7683
11.7703
11.7763
11.7766
11.7831
11.7884
11.8075
11.8084
11.8176
11.8248
11.8282
11.8336
11.8352
11.8452
11.8472
11.8479
11.8486
11.858
11.8648
11.8698
11.8782
11.8792
11.8904
11.893
11.9348
11.9374
11.9389
11.939
11.9393
11.941
11.9415
11.9418
11.9514
11.9742
11.9818
11.9952
12.0039
12.0056
12.0083
12.0105
12.0176
12.0275
12.0338
12.0368
12.0439
12.0443
12.0445
12.0446
12.0673
12.0701
12.0747
12.0763
12.0788
12.1019
12.1026
12.1032
12.1251
12.1336
12.1425
12.145
12.156
12.1579
12.1624
12.1707
12.1726
12.1741
12.1774
12.1785
12.1973
12.2016
12.2051
12.2189
12.2238
12.2242
12.2357
12.2468
12.2578
12.2633
12.2666
12.2801
12.2844
12.2889
12.2943
12.3025
12.3138
12.3199
12.3348
12.3424
12.344
12.3553
12.3568
12.3666
12.3777
12.3813
12.3908
12.4186
12.4227
12.4247
12.4263
12.433
12.4353
12.4382
12.4508
12.4588
12.4739
12.4753
12.4775
12.479
12.4826
12.486
12.4862
12.4915
12.5099
12.516
12.5309
12.5329
12.5391
12.5431
12.5525
12.5588
12.5693
12.5813
12.5957
12.5978
12.6065
12.6126
12.6136
12.6162
12.6168
12.619
12.6213
12.6232
12.625
12.6292
12.6292
12.638
12.6383
12.6592
12.667
12.6694
12.6954
12.6977
12.699
12.7008
12.7076
12.71
12.7109
12.7109
12.7137
12.7172
12.724
12.7254
12.7378
12.7447
12.7482
12.749
12.749
12.754
12.7549
12.759
12.7619
12.7726
12.7761
12.7913
12.7939
12.7953
12.8008
12.8099
12.8155
12.8162
12.8204
12.8245
12.8314
12.8387
12.8534
12.8596
12.8601
12.8707
12.8732
12.8759
12.8768
12.8853
12.8854
12.8871
12.8874
12.8944
12.8999
12.9004
12.9024
12.9033
12.9036
12.9078
12.9099
12.9161
12.9169
12.9195
12.925
12.9253
12.9321
12.9339
12.9403
12.9425
12.9436
12.949
12.9503
12.9569
12.9616
12.9643
12.9692
12.9733
12.9738
13.0023
13.0025
13.0048
13.0072
13.0109
13.0159
13.0181
13.0194
13.0209
13.0277
13.034
13.0349
13.0357
13.0363
13.0395
13.0439
13.0566
13.0602
13.0621
13.0729
13.0834
13.0881
13.0894
13.0901
13.0913
13.0939
13.0943
13.1091
13.1106
13.1214
13.1229
13.1235
13.1423
13.1449
13.1477
13.1479
13.154
13.1569
13.1596
13.1617
13.1639
13.1671
13.1683
13.1736
13.1765
13.1771
13.1881
13.1962
13.2047
13.2052
13.2077
13.2106
13.2179
13.2304
13.2326
13.2389
13.2513
13.2516
13.2552
13.2594
13.2602
13.2642
13.2744
13.2845
13.2875
13.2962
13.2965
13.3057
13.3371
13.3497
13.3632
13.3857
13.3922
13.4046
13.412
13.4122
13.4124
13.424
13.434
13.438
13.4437
13.4438
13.4475
13.451
13.4553
13.4643
13.4789
13.4803
13.4901
13.4981
13.5022
13.5052
13.5074
13.5106
13.5306
13.5334
13.5347
13.5365
13.538
13.5388
13.5394
13.5404
13.5474
13.5527
13.5566
13.5569
13.5578
13.5623
13.5695
13.5747
13.5868
13.5887
13.5914
13.5992
13.6012
13.6036
13.6132
13.6161
13.6286
13.6288
13.6314
13.6342
13.6386
13.6564
13.6691
13.6869
13.6912
13.7021
13.7115
13.7155
13.7193
13.7233
13.7256
13.7351
13.7493
13.7546
13.7701
13.779
13.7932
13.8011
13.8031
13.8081
13.824
13.8316
13.8317
13.8426
13.8429
13.852
13.8536
13.8592
13.8626
13.8659
13.8673
13.8779
13.8968
13.9119
13.9138
13.9142
13.9293
13.9462
13.9463
13.9497
13.9505
13.9543
13.9642
13.9687
13.9709
13.9765
13.9778
13.9837
13.9839
13.9869
13.9873
13.9914
13.9933
14.0086
14.0102
14.0129
14.0181
14.026
14.0426
14.0487
14.0504
14.059
14.0665
14.0718
14.0936
14.094
14.0978
14.0979
14.098
14.0983
14.1006
14.1063
14.1081
14.1102
14.1162
14.1199
14.1214
14.1237
14.13
14.1369
14.152
14.1586
14.1608
14.1618
14.168
14.1733
14.179
14.1915
14.1967
14.1975
14.1984
14.1992
14.21
14.2122
14.2151
14.216
14.2246
14.2318
14.2362
14.2396
14.24
14.2412
14.2429
14.2483
14.25
14.2505
14.2528
14.2614
14.2677
14.2745
14.2752
14.2779
14.2843
14.3128
14.3312
14.3343
14.338
14.3458
14.3521
14.357
14.3576
14.3599
14.3715
14.377
14.3784
14.3835
14.3845
14.386
14.3863
14.3866
14.3926
14.3928
14.3932
14.4039
14.4048
14.4107
14.4111
14.4175
14.418
14.4218
14.4271
14.4326
14.4328
14.4382
14.4386
14.4391
14.44
14.4499
14.4648
14.4806
14.4812
14.4834
14.488
14.4888
14.4907
14.5066
14.5132
14.5195
14.5225
14.532
14.5507
14.5518
14.5521
14.5543
14.5608
14.5611
14.5718
14.5902
14.5928
14.5931
14.5999
14.6045
14.6092
14.6098
14.614
14.6173
14.6272
14.6322
14.6378
14.6484
14.6495
14.65
14.6517
14.6549
14.6558
14.6577
14.6614
14.6628
14.6632
14.6632
14.6648
14.6652
14.6655
14.6816
14.6863
14.7125
14.719
14.7272
14.728
14.7328
14.7393
14.7399
14.7467
14.748
14.7539
14.7564
14.7624
14.7828
14.7833
14.7861
14.793
14.7959
14.7994
14.8017
14.8042
14.8156
14.8238
14.8251
14.8271
14.8286
14.8338
14.8445
14.8445
14.8644
14.8721
14.8798
14.8876
14.8978
14.8998
14.9093
14.9097
14.9163
14.9223
14.9244
14.9263
14.9392
14.94
14.9409
