1.54817 1.2
2.38847 1.50634
2.5306 2.00892
2.56272 2.57319
2.579 3.14765
2.97718 3.05267
3.28835 3.11217
3.57581 3.19608
4.33635 2.61279
4.48494 2.98721
4.55737 3.45281
4.57843 4.00514
5.06533 3.50659
5.95587 2.62553
6.03267 3.10484
6.63665 2.74502
6.87786 2.96859
6.94168 3.4507
7.07411 3.76412
7.84162 2.91236
8.17121 2.97641
8.53858 2.97126
8.53922 3.57006
8.63455 3.95196
8.83018 4.06636
8.83489 4.65334
9.10355 4.46941
9.27579 4.57134
9.63839 4.17137
9.72936 4.5207
10.0445 4.24703
10.712 3.33807
10.788 3.77664
10.9452 4.00119
10.9506 4.58641
11.7096 3.37206
12.1321 3.17704
12.7493 2.77288
12.9868 2.99683
13.8603 2.3917
14.1969 2.56871
15.1674 2.10572
15.2185 2.64539
17.3248 1.5793
17.4154 2.11081
17.8273 2.28672
18.0414 2.62123
18.0891 3.14554
18.3525 3.26187
19.035 2.74193
